3600 1 28.5439 28.5139 28.6813 28.6442 28.595825 0.0796953104015541
3600 2 15.9482 16.094 15.883 15.9826 15.97695 0.08829078849649878
3600 3 11.4458 11.3491 11.3453 11.4391 11.394825 0.0550824457820578
3600 4 9.21414 9.09522 9.11607 9.14832 9.143437500000001 0.05195058445292054
3600 5 8.06402 8.07356 8.09047 8.07344 8.0753725 0.011012621168459547
3600 6 7.14356 7.17004 7.14698 7.16135 7.1554825 0.012393370203459615
3600 7 6.60013 6.56993 6.5648 6.56698 6.57546 0.016580468429249314
3600 8 6.06923 6.04072 6.03642 6.0349 6.0453175 0.016131072241691406
3600 9 5.7151 5.70858 5.7194 5.71955 5.7156575 0.005149746757527519
3600 10 5.3957 5.39072 5.41615 5.45007 5.4131599999999995 0.02695485979682839
3600 11 5.3158 5.32091 5.34826 5.29266 5.3194075 0.022826644336535033
3600 12 5.16049 5.13016 5.11738 5.10314 5.1277925 0.02443288409091342
3600 13 5.03484 5.03916 4.97013 4.9836 5.0069325 0.035195974556758505
3600 14 4.80679 4.80731 4.79263 4.81761 4.806085 0.010260934005570292
3600 15 4.60665 4.59992 4.5978 4.60331 4.60192 0.003884988202470174
3600 16 4.49406 4.42569 4.48694 4.45165 4.464585 0.031878189513626046
3600 17 4.33039 4.39859 4.35896 4.34202 4.35749 0.02980549054564735
3600 18 4.24862 4.25251 4.24051 4.25765 4.2498225 0.007226365499567254
3600 19 4.15364 4.12056 4.14656 4.15657 4.1443325 0.01639592911873759
3600 20 4.10096 4.04648 4.09595 4.0787 4.0805225 0.02461647466636929
3600 21 4.05583 3.94142 4.00584 3.98022 3.9958275 0.0479733268772
3600 22 3.88617 3.91848 3.90627 3.89847 3.9023475000000003 0.013569451904922437
3600 23 3.82492 3.85086 3.81771 3.79591 3.82235 0.022657068065690466
3600 24 3.78084 3.75553 3.76733 3.76632 3.767505 0.01037075535661063
3600 25 3.70292 3.68531 3.70388 3.74788 3.7099975 0.026658777635142964
3600 26 3.70229 3.64528 3.67873 3.66863 3.6737325 0.023636737472276785
3600 27 3.61895 3.64596 3.6663 3.63705 3.642065 0.019680444608798964
3600 28 3.58592 3.60015 3.61508 3.61726 3.6046025 0.014592816440518316
3600 29 3.55944 3.52415 3.56546 3.56586 3.5537275 0.01993581596858599
3600 30 3.53188 3.52068 3.57159 3.49503 3.529795 0.03184785550080263
3600 31 3.51838 3.49453 3.47081 3.48648 3.49255 0.019837521686608593
3600 32 3.38447 3.40961 3.45073 3.43569 3.420125 0.029216316788169484
3600 33 3.43076 3.49146 3.40329 3.37554 3.4252625 0.04955619461782752
3600 34 3.37007 3.39148 3.3468 3.43874 3.3867725 0.03915591004773954
3600 35 3.36972 3.34675 3.33003 3.3582 3.351175 0.01693083282062649
3600 36 3.25819 3.33535 3.28589 3.36844 3.3119675 0.049355648359635636
3600 37 3.34698 3.26587 3.33811 3.34228 3.32331 0.03846437052650149
3600 38 3.3719 3.35506 3.31796 3.28535 3.3325675 0.03871188221980426
3600 39 3.27416 3.2581 3.31194 3.34647 3.2976675 0.03959620299557344
3600 40 3.24468 3.35356 3.29919 3.21314 3.2776425 0.06184620838553207
3600 41 3.2402 3.22774 3.21621 3.29797 3.24553 0.03630660637771956
3600 42 3.27312 3.26112 3.29092 3.22939 3.2636374999999997 0.02590676665146253
3600 43 3.26511 3.24784 3.24862 3.2754 3.2592425 0.013395856013459252
3600 44 3.21134 3.22197 3.23477 3.23168 3.22494 0.010580444225078743
3600 45 3.18861 3.26148 3.18289 3.20924 3.2105550000000003 0.03578649698792367
3600 46 3.20962 3.19374 3.21595 3.19735 3.204165 0.010388585081713421
3600 47 3.16419 3.16179 3.18994 3.18617 3.1755225 0.014585845593131325
3600 48 3.12403 3.15887 3.12701 3.16739 3.144325 0.02202458853191143
