50 1 0.020627 0.020539 0.0207121 0.02056 0.020609525 7.800322108733722e-05
100 2 0.045563 0.04654 0.046392 0.0462 0.04617375 0.00043030096056907285
150 3 0.0742459 0.0746388 0.0744181 0.0753632 0.0746665 0.00049151639511482
200 4 0.104606 0.104422 0.103802 0.102899 0.10393225 0.000769927431645346
250 5 0.0840769 0.118023 0.14957 0.078913 0.107645725 0.032895752859133154
300 6 0.150907 0.174605 0.133441 0.104177 0.1407825 0.029666632541178874
350 7 0.18308 0.168161 0.239176 0.127493 0.1794775 0.04621450104674939
400 8 0.20328 0.20841 0.178656 0.207429 0.19944375 0.014035730841320659
450 9 0.221103 0.240546 0.235002 0.279588 0.24405975 0.025057654803472735
500 10 0.386995 0.25168 0.220651 0.222029 0.27033875 0.07907703851466617
550 11 0.298306 0.250505 0.266909 0.360732 0.294113 0.048639447947799196
600 12 0.637778 0.332235 0.299075 0.391425 0.41512825 0.15326926520207282
100 1 0.044749 0.0555379 0.0627282 0.0717161 0.0586828 0.011405749259328243
200 2 0.152753 0.107964 0.177993 0.164528 0.1508095 0.030368042286807582
300 3 0.239203 0.221492 0.252407 0.247197 0.24007475 0.013526386321433624
400 4 0.256715 0.307592 0.289045 0.336614 0.2974915 0.03349953442960066
500 5 0.348426 0.376585 0.368148 0.37486 0.36700475 0.0129094682920457
600 6 0.46236 0.441892 0.459435 0.485841 0.462382 0.01806331525495805
700 7 0.546564 0.564863 0.538509 0.551098 0.5502585 0.011040776859744356
800 8 0.612367 0.680311 0.657526 0.625153 0.64383925 0.03086094691110435
900 9 0.757389 0.720754 0.773025 0.755942 0.7517775 0.022081257520047762
1000 10 0.867466 0.891525 0.866287 0.884387 0.87741625 0.012523522703962611
1100 11 1.02059 1.06022 0.997055 1.05296 1.03270625 0.0293543634959097
1200 12 1.1833 1.17802 1.25061 1.17215 1.19602 0.03667716546663149
200 1 0.215315 0.177217 0.191983 0.204217 0.197183 0.016369969822818856
400 2 0.528098 0.454326 0.40599 0.460714 0.46228199999999997 0.05022048612535192
600 3 0.658109 0.679808 0.737301 0.683156 0.6895935 0.03368717220248679
800 4 0.958579 0.907345 0.897302 0.923948 0.9217934999999999 0.02687258581404722
1000 5 1.2627 1.27211 1.26002 1.24899 1.260955 0.009513402826188613
1200 6 1.62567 1.60855 1.60456 1.67639 1.6287924999999999 0.033026478644667366
1400 7 1.97195 2.08693 1.97873 2.04064 2.0195625 0.054518756023347895
1600 8 2.48021 2.45864 2.52303 2.42716 2.47226 0.040250506415033555
1800 9 2.88984 2.86911 2.97678 2.86985 2.901395 0.05116582355440015
2000 10 3.42415 3.44674 3.44561 3.31545 3.4079875 0.0625609677967555
2200 11 3.93955 3.87837 3.94362 4.13119 3.9731825 0.10948495585391332
2400 12 4.4875 4.53857 4.48336 4.69186 4.5503225 0.09764156914449916
400 1 0.726376 0.704939 0.710118 0.705343 0.711694 0.010066613564981359
800 2 1.56868 1.55836 1.64875 1.63639 1.603045 0.046110513985424165
1200 3 2.5584 2.56997 2.5433 2.52204 2.5484275 0.020705244705951496
1600 4 3.67037 3.682 3.62478 3.61197 3.64728 0.0341158448036491
2000 5 5.0153 5.07741 4.97347 5.0095 5.01892 0.04316102949034798
2400 6 6.59585 6.39643 6.34122 6.3322 6.416425 0.12294005761616802
