50 1 0.0211511 0.011374 0.0113871 0.0182538 0.0155415 0.004948106676969147
100 2 0.0464571 0.0481548 0.0464842 0.0463638 0.046864975 0.0008614283734008289
150 3 0.0749531 0.08512 0.0847628 0.0760272 0.080215775 0.005476214260706632
200 4 0.103062 0.0613458 0.106127 0.105615 0.09403745 0.02183562353609349
250 5 0.139673 0.142243 0.138547 0.139784 0.14006174999999998 0.001557839395872805
300 6 0.177149 0.168958 0.124059 0.125727 0.14897325 0.02801411021104662
350 7 0.207313 0.174917 0.149944 0.138389 0.16764075 0.030526879263746122
400 8 0.201241 0.190773 0.199909 0.163484 0.18885174999999998 0.01754014666177757
450 9 0.241014 0.379072 0.22743 0.263111 0.27765675 0.0691906769219428
500 10 0.222879 0.489061 0.309684 0.218601 0.31005625000000003 0.12650003262548987
550 11 0.491969 0.318157 0.29096 0.337921 0.35975175000000004 0.0902227076715354
600 12 0.34188 0.288751 0.339065 0.308336 0.319508 0.02551985675247154
100 1 0.05005 0.0535781 0.0463922 0.058825 0.052211325 0.005295983145350194
200 2 0.166857 0.155807 0.141821 0.121887 0.146593 0.01939661406878359
300 3 0.260513 0.265048 0.26303 0.237946 0.25663425 0.012596192503424732
400 4 0.307178 0.27406 0.265764 0.237425 0.27110675 0.02871040475013661
500 5 0.412921 0.349764 0.365147 0.416997 0.38620725 0.0338293646839054
600 6 0.46404 0.456624 0.411537 0.473352 0.45138825 0.027434821527576963
700 7 0.597145 0.559411 0.525791 0.568678 0.5627562500000001 0.029412433055597435
800 8 0.606389 0.63438 0.64518 0.6592 0.63628725 0.022372736911622313
900 9 0.870689 0.736507 0.76792 0.751452 0.7816420000000001 0.06073512387956962
1000 10 0.907984 0.997297 0.864792 0.881371 0.912861 0.05903522136826455
1100 11 1.03594 1.39798 1.049 1.07219 1.1387775 0.17345064819231243
1200 12 1.24903 1.2384 1.18254 1.16883 1.2097 0.03991057253410431
200 1 0.216216 0.19818 0.201237 0.197485 0.2032795 0.008776976871337874
400 2 0.44601 0.453064 0.460762 0.438746 0.44964550000000003 0.009438903096582067
600 3 0.686882 0.677029 0.687017 0.658289 0.6773042499999999 0.013512047744513032
800 4 0.904474 0.934684 0.916875 1.02691 0.94573575 0.05551839018064194
1000 5 1.32459 1.3186 1.38383 1.26385 1.3227175 0.04905976041183513
1200 6 1.72042 1.66871 1.6988 1.61708 1.6762525 0.04478627719514093
1400 7 2.00458 2.10072 1.97227 2.08643 2.041 0.06239816396871522
1600 8 2.51606 2.45429 2.42677 2.39787 2.4487475 0.05044212021383182
1800 9 2.83189 3.00846 2.95261 2.96949 2.9406125 0.07616148474349306
2000 10 3.41148 3.46223 3.38446 3.56789 3.456515 0.08094674401522682
2200 11 3.9958 4.05428 3.97629 4.06605 4.023105 0.043792544647081905
2400 12 4.68677 4.73205 4.82775 4.78141 4.756995 0.060981324736895166
