300 1 0.40755 0.422874 0.430855 0.428552 0.42245775 0.010489168456873326
300 2 0.283357 0.315475 0.325745 0.278481 0.3007645 0.02338090117310851
300 3 0.250573 0.241556 0.23591 0.233727 0.2404415 0.007516834550970681
300 4 0.20308 0.197318 0.187347 0.209561 0.19932650000000002 0.009422955038981485
300 5 0.1952 0.181612 0.197231 0.194442 0.19212125 0.007104422630774911
300 6 0.164848 0.176795 0.166225 0.169576 0.169361 0.005338921426655391
300 7 0.144972 0.195905 0.14489 0.164972 0.16268475 0.024077729424719436
300 8 0.14125 0.14488 0.154532 0.180291 0.15523825 0.017617260028638584
300 9 0.142461 0.14404 0.138385 0.157741 0.14565675 0.008401074231906292
300 10 0.151004 0.408516 0.129485 0.129057 0.2045155 0.13638578345389718
300 11 0.131851 0.179587 0.118646 0.141934 0.1430045 0.026186270963999433
300 12 0.128836 0.12983 0.174816 0.211916 0.1613495 0.039953823792806945
600 1 1.56501 1.56757 1.56454 1.56203 1.5647875 0.0022698660019187114
600 2 0.920674 0.886956 0.959297 0.868561 0.908872 0.03994686306415893
600 3 0.659547 0.672186 0.669153 0.728971 0.68246425 0.03146908505581313
600 4 0.512484 0.519902 0.555733 0.537997 0.531529 0.019369802907274677
600 5 0.481417 0.502756 0.51484 0.50843 0.50186075 0.014495566710204886
600 6 0.475915 0.45151 0.475465 0.441529 0.46110475 0.01732848811206563
600 7 0.398453 0.395622 0.472214 0.407841 0.4185325 0.03616669252687249
600 8 0.396771 0.394283 0.417649 0.407501 0.404051 0.010727229030214034
600 9 0.397368 0.406382 0.364391 0.393522 0.39041575 0.018167657349898836
600 10 0.365465 0.374671 0.367063 0.411173 0.37959299999999996 0.021433025669124136
600 11 0.393618 0.370341 0.348124 0.389996 0.37551975 0.02093207297227552
600 12 0.320089 0.704033 0.342019 0.330705 0.4242115 0.18676245113958712
1200 1 6.32324 6.31851 6.32951 6.33402 6.32632 0.006830046363922608
1200 2 3.52049 3.53603 3.48674 3.49994 3.5108 0.021811863744301954
1200 3 2.50822 2.64262 2.51967 2.58047 2.562745 0.061974786539903945
1200 4 2.17103 2.01707 2.0284 2.05884 2.068835 0.07037594877986847
1200 5 1.84526 1.82141 1.81252 1.79331 1.818125 0.02155844536757384
1200 6 1.60408 1.59991 1.66643 1.64249 1.6282275 0.03187387893453411
1200 7 1.45087 1.47147 1.46166 1.46741 1.4628525000000001 0.008944914290627189
1200 8 1.41645 1.40218 1.36204 1.3929 1.3933925 0.023036856520222863
1200 9 1.33406 1.28606 1.28769 1.2706 1.2946024999999999 0.027409069514791416
1200 10 1.2775 1.22875 1.29846 1.23077 1.25887 0.03469519371132935
1200 11 1.21711 1.16776 1.1628 1.19989 1.18689 0.026003419005969152
1200 12 1.17104 1.13436 1.11711 1.13993 1.1406100000000001 0.022492663989250674
2400 1 25.3989 25.466 25.3936 25.4317 25.42255 0.0335114408324484
2400 2 14.1364 14.1152 14.0972 14.1377 14.121625 0.01927491893627557
2400 3 10.0803 9.98889 10.0935 9.99687 10.03989 0.05464650217534543
2400 4 8.24582 8.1256 8.16496 8.24682 8.1958 0.060509465926139414
2400 5 7.16957 7.23524 7.17559 7.22437 7.2011925 0.03342603414007326
2400 6 6.47203 6.43776 6.50475 6.35535 6.4424725 0.06419935221635814
2400 7 5.8955 5.87788 5.79629 5.88378 5.8633625 0.045310673043629277
2400 8 5.5382 5.52585 5.35843 5.41936 5.46046 0.08644591873921313
2400 9 5.21081 5.08005 5.08531 5.07329 5.1123650000000005 0.06581414716204029
2400 10 4.79876 4.8878 4.79861 4.75308 4.8095625 0.05641521802669942
2400 11 4.61687 4.631 4.68696 4.64254 4.6443425000000005 0.03028894669127126
2400 12 4.59095 4.48468 4.43876 4.45007 4.491115000000001 0.06936419465401444
