50 1 0.0209799 0.020884 0.0208199 0.020931 0.0209037 6.822086679797265e-05
100 2 0.046804 0.046464 0.046984 0.0461712 0.0466058 0.0003611568818856039
150 3 0.0762699 0.0763679 0.074537 0.074872 0.0755117 0.0009429036465443685
200 4 0.105943 0.105854 0.0710769 0.103454 0.096581975 0.01704242563924416
250 5 0.131005 0.127848 0.0815411 0.141105 0.120374775 0.02649935419343586
300 6 0.159604 0.159044 0.174821 0.100867 0.148584 0.03264018105546189
350 7 0.185737 0.129192 0.184442 0.180229 0.1699 0.027240348982101287
400 8 0.17169 0.187741 0.182155 0.173798 0.178846 0.007455672247803451
450 9 0.215945 0.227961 0.246667 0.213285 0.2259645 0.015206792550260776
500 10 0.23587 0.238822 0.236361 0.258994 0.24251175 0.01106380568565808
550 11 0.296718 0.301477 0.57762 0.244158 0.35499325 0.15067306354571147
600 12 0.320833 0.336026 0.343661 0.292938 0.3233645 0.0223937631868042
100 1 0.0496778 0.0684199 0.083667 0.0842679 0.07150815 0.01629673098681655
200 2 0.168708 0.182235 0.182733 0.182334 0.1790025 0.0068663748077133135
300 3 0.172183 0.221834 0.219945 0.254704 0.21716649999999998 0.03397099153199191
400 4 0.347074 0.307083 0.332594 0.305404 0.32303875 0.020286008402755493
500 5 0.361307 0.395307 0.395858 0.361528 0.3785 0.01972666085952376
600 6 0.470225 0.467663 0.475812 0.458876 0.468144 0.007053509055782096
700 7 0.57493 0.562817 0.559665 0.543227 0.56015975 0.013066293312055529
800 8 0.645621 0.74461 0.593604 0.668754 0.66314725 0.06274564617764326
900 9 0.778016 0.768312 0.754782 0.718871 0.75499525 0.025899148472166667
1000 10 0.836708 0.871288 0.879299 0.921728 0.87725575 0.03493656136842892
1100 11 1.02508 1.00289 1.0055 1.14882 1.0455725 0.06954037166759076
1200 12 1.1948 1.18471 1.16319 1.15849 1.1752975 0.01730150547399467
200 1 0.215907 0.265441 0.177916 0.193511 0.21319375 0.0381622289301433
400 2 0.403499 0.47342 0.431445 0.453242 0.4404015 0.029983957827478345
600 3 0.750626 0.689145 0.696189 0.710121 0.71152025 0.027488886377043376
800 4 0.982869 0.978272 0.988101 1.00457 0.988453 0.011470475288031126
1000 5 1.26375 1.26262 1.24065 1.30039 1.2668525 0.024757991807360533
1200 6 1.58606 1.59992 1.6277 1.59742 1.602775 0.01767742345479109
1400 7 2.05106 2.01379 2.02896 2.00727 2.02527 0.01944677008314404
1600 8 2.50794 2.40194 2.48922 2.46221 2.4653275 0.046239848165119744
1800 9 2.84382 2.98229 2.97307 2.82798 2.90679 0.08219798334914699
2000 10 3.6057 3.34622 3.51639 3.53339 3.500425 0.10985381210196266
2200 11 4.11314 4.2772 4.02503 4.09444 4.1274524999999995 0.1067853845726713
2400 12 4.85688 4.60821 4.69251 4.77132 4.73223 0.10649614922615769
