1 7.9165 4.73607329440751
2 4.71375 2.697431220161137
3 4.129 2.1586311634922724
4 3.3925 2.0109697287627184
5 3.118 1.745122775050512
6 2.8165 1.605648544981124
7 2.7365 1.9111536437450547
8 2.612 1.795669513022928
9 2.63825 1.6174735507883893
10 2.82175 1.8828927711104526
11 2.7025 1.7569607992212006
12 2.585 1.7528723570186164
13 2.7635 1.702633474944035
14 2.776 1.7501605640626232
15 2.633 1.8130741849135683
16 2.755 1.952057248135925
17 2.8885 1.9501733897271802
18 3.02775 2.002386872584816
19 2.96175 2.0659394200944035
20 3.46075 2.311510910097549
21 3.27475 1.982964116543716
22 3.413 2.157200500648931
23 3.32 1.8968915361717442
24 3.9945 2.5212054160658943
