3200000 1 1.67501 1.703249 1.671965 1.650175 1.661292 1.662092 1.666211 1.702327 1.64874 1.672028 1.6713089 0.018750446871415555
3200000 2 1.093532 1.143979 1.082733 1.130504 1.111852 1.122238 1.089338 1.109534 1.103416 1.100917 1.1088042999999999 0.0190949605862094
3200000 4 0.705408 0.71092 0.70497 0.730194 0.765232 0.713143 0.697895 0.756143 0.705572 0.716679 0.7206156 0.022921357673575973
3200000 8 0.465824 0.509387 0.449704 0.451195 0.447279 0.461243 0.447721 0.447409 0.458348 0.448778 0.4586888 0.018975646180184644
3200000 16 0.447366 0.453058 0.417296 0.400303 0.400657 0.399398 0.418967 0.418702 0.440206 0.410493 0.4206446 0.01981264771245322
3200000 32 0.693772 0.696484 0.709972 0.699743 0.729318 0.68903 0.691391 0.714412 0.696446 0.688094 0.7008662 0.013162423154149436
16000000 1 9.001756 9.008549 8.956682 9.002507 8.945582 8.95949 8.98939 9.064378 9.001589 8.968484 8.9898407 0.034612217383942864
16000000 2 5.795398 5.761454 5.821945 5.824773 5.861388 5.815632 5.788783 5.853985 5.755178 5.824536 5.8103072 0.03528290051316968
16000000 4 3.595281 3.650422 3.636232 3.595821 3.606867 3.641195 3.632195 3.655762 3.641227 3.678918 3.6333919999999997 0.02700294409051646
16000000 8 2.361458 2.410596 2.315531 2.354134 2.322112 2.36364 2.332977 2.354889 2.317967 2.342572 2.3475875999999998 0.028497425666189555
16000000 16 1.645188 1.63898 1.699366 1.626431 1.643092 1.64914 1.654811 1.627971 1.624885 1.640156 1.6450019999999999 0.021529941962041804
16000000 32 1.532254 1.521705 1.522918 1.527404 1.526535 1.544877 1.575883 1.554071 1.549011 1.536106 1.5390764000000001 0.017073913020225366
32000000 1 18.609826 18.697017 18.592849 18.61975 18.633124 18.614761 18.611295 18.527658 18.563218 18.4843 18.5953798 0.0588331155761784
32000000 2 11.832991 11.91939 11.955873 12.008016 11.984671 12.161743 12.024036 12.057888 12.091096 12.078083 12.0113787 0.09417869578867367
32000000 4 7.363597 7.462563 7.414159 7.488577 7.445474 7.505879 7.450579 7.47566 7.43059 7.490912 7.452799000000001 0.04238708343613918
32000000 8 4.781926 4.760987 4.727754 4.812367 4.742771 4.731088 4.732926 4.749111 4.716719 4.741868 4.7497517 0.028674190268718456
32000000 16 3.251795 3.28855 3.26711 3.31108 3.310303 3.283924 3.258228 3.315498 3.28527 3.288655 3.2860413 0.02212652873839706
32000000 32 2.636831 2.726941 2.755828 2.686918 2.718595 2.701435 2.706295 2.709776 2.721097 2.676553 2.7040269 0.03217963604327712
