3200000 1 1.674579 1.683924 1.646919 1.638731 1.688101 1.68947 1.669581 1.630507 1.679445 1.686722 1.6687979 0.021975517981254643
3200000 2 1.131212 1.130209 1.103545 1.14322 1.124305 1.133687 1.175161 1.121837 1.146838 1.123862 1.1333876 0.018958318269298016
3200000 4 0.769067 0.76602 0.754785 0.753219 0.683959 0.71841 0.728897 0.743152 0.708045 0.728782 0.7354336 0.027067093650983497
3200000 8 0.491089 0.447342 0.500504 0.467151 0.505609 0.493617 0.44942 0.448331 0.46497 0.448109 0.4716142 0.02379086565516736
3200000 16 0.442914 0.412041 0.38371 0.4108 0.408759 0.4013 0.430046 0.399573 0.449559 0.431823 0.41705249999999994 0.020845665551326914
3200000 32 0.690101 0.683741 0.788437 0.706321 0.694255 0.71378 0.694046 0.719993 0.686002 0.690743 0.7067419 0.031106574472823816
16000000 1 8.912375 8.916081 8.924577 8.970505 8.908832 8.996432 8.894397 8.924048 9.075527 8.898937 8.9421711 0.056765011570019216
16000000 2 5.75344 5.970762 5.844866 5.830436 5.77893 5.761555 5.793773 5.753715 5.925724 5.841094 5.8254295 0.07408590230603916
16000000 4 3.651413 3.663646 3.622436 3.640396 3.622206 3.583561 3.57408 3.607846 3.748344 3.575868 3.6289795999999996 0.05219216380986283
16000000 8 2.33086 2.323993 2.355324 2.373129 2.349992 2.326701 2.3146 2.353187 2.366275 2.340585 2.3434646 0.019260099856669707
16000000 16 1.671222 1.643658 1.642403 1.633042 1.646393 1.684564 1.641083 1.636575 1.656522 1.672506 1.6527968000000002 0.01755670842853078
16000000 32 1.550438 1.518835 1.553675 1.591835 1.526986 1.561016 1.569516 1.5792 1.539858 1.521924 1.5513283 0.024705174352529665
32000000 1 18.569857 18.758733 18.85783 18.791233 18.784921 18.848717 18.804535 18.808251 18.659474 18.679877 18.7563428 0.0918312965107456
32000000 2 12.017555 12.044279 12.027761 12.079448 12.094651 12.135541 12.098957 12.229292 12.218923 12.015702 12.096210899999999 0.07792974701678435
32000000 4 7.482294 7.387393 7.407689 7.483383 7.436938 7.431606 7.542639 7.395353 7.430442 7.422475 7.442021200000001 0.047665439144567175
32000000 8 4.738384 4.738753 4.725126 4.742006 4.717669 4.754785 4.741976 4.721413 4.720553 4.734158 4.7334823 0.01194239854979822
32000000 16 3.27814 3.268275 3.313071 3.298337 3.264722 3.287758 3.299134 3.269443 3.331132 3.265719 3.2875731000000004 0.02257566496350545
32000000 32 2.723432 2.674397 2.695722 2.66582 2.715285 2.682452 2.755985 2.721522 2.687121 2.727921 2.7049657 0.028341362141067073
